Time - Voltage	Amplitude - Voltage
0	0,000335082
1	-0,000261148
2	7,56E-05
3	0,00282226
4	0,0031557
5	0,00661803
6	0,00696945
7	0,00881587
8	0,00918037
9	0,0138191
10	0,0141836
11	0,0171982
12	0,0175643
13	0,0219613
14	0,0223241
15	0,0254221
16	0,0257866
17	0,0286493
18	0,0278259
19	0,0321804
20	0,0210963
21	0,0268493
22	0,0152717
23	0,0199513
24	0,00732646
25	0,0115355
26	-0,00132139
27	-0,00144706
28	-0,0143922
29	-0,0159671
30	-0,0287635
31	-0,029131
32	-0,0417003
33	-0,0412508
34	-0,0542172
35	-0,0516796
36	-0,0647619
37	-0,0639253
38	-0,0770386
39	-0,0785645
40	-0,0916044
41	-0,091534
42	-0,104634
43	-0,104682
44	-0,117851
45	-0,119061
46	-0,132104
47	-0,131315
48	-0,144335
49	-0,145794
50	-0,158868
51	-0,161456
52	-0,174306
53	-0,178094
54	-0,191063
55	-0,192372
56	-0,205384
57	-0,210955
58	-0,223969
59	-0,229607
60	-0,242602
61	-0,249791
62	-0,262749
63	-0,271197
64	-0,284133
65	-0,293883
66	-0,306788
67	-0,314205
68	-0,32708
69	-0,337646
70	-0,350508
71	-0,364639
72	-0,377485
73	-0,387736
74	-0,400545
75	-0,413386
76	-0,426156
77	-0,439776
78	-0,452517
79	-0,468259
80	-0,480979
81	-0,497824
82	-0,510527
83	-0,525722
84	-0,538407
85	-0,557007
86	-0,56972
87	-0,587008
88	-0,599659
89	-0,620681
90	-0,633341
91	-0,653485
92	-0,666118
93	-0,685998
94	-0,698523
95	-0,721178
96	-0,733738
97	-0,754821
98	-0,767304
99	-0,78725
100	-0,799721
101	-0,82003
102	-0,832474
103	-0,852727
104	-0,86514
105	-0,888019
106	-0,900399
107	-0,923255
108	-0,935585
109	-0,959548
110	-0,971843
111	-0,995437
112	-1,0077
113	-1,03165
114	-1,04389
115	-1,0677
116	-1,0799
117	-1,10385
118	-1,116
119	-1,14145
120	-1,15356
121	-1,17926
122	-1,19133
123	-1,21519
124	-1,22722
125	-1,25308
126	-1,26507
127	-1,28894
128	-1,30088
129	-1,32729
130	-1,33917
131	-1,36562
132	-1,37745
133	-1,40441
134	-1,41619
135	-1,44606
136	-1,4578
137	-1,48541
138	-1,4971
139	-1,52588
140	-1,53749
141	-1,56617
142	-1,57768
143	-1,60716
144	-1,61856
145	-1,6491
146	-1,66043
147	-1,68928
148	-1,70056
149	-1,73
150	-1,74117
151	-1,77173
152	-1,78277
153	-1,81293
154	-1,82386
155	-1,85446
156	-1,86523
157	-1,89762
158	-1,9082
159	-1,93877
160	-1,9492
161	-1,98179
162	-1,99216
163	-2,02562
164	-2,0359
165	-2,06728
166	-2,07743
167	-2,10832
168	-2,1184
169	-2,15062
170	-2,16064
171	-2,19231
172	-2,20223
173	-2,23478
174	-2,24452
175	-2,27554
176	-2,28513
177	-2,31715
178	-2,32661
179	-2,36051
180	-2,36986
181	-2,40231
182	-2,41157
183	-2,4462
184	-2,45535
185	-2,48979
186	-2,49884
187	-2,53472
188	-2,54365
189	-2,57776
190	-2,58656
191	-2,62254
192	-2,63118
193	-2,66831
194	-2,67678
195	-2,71344
196	-2,72184
197	-2,75727
198	-2,76561
199	-2,7988
200	-2,8074
201	-2,84178
202	-2,85028
203	-2,88771
204	-2,89611
205	-2,93467
206	-2,94302
207	-2,98156
208	-2,98983
209	-3,02924
210	-3,03746
211	-3,07566
212	-3,0838
213	-3,12289
214	-3,13094
215	-3,17184
216	-3,17978
217	-3,2197
218	-3,22636
219	-3,26802
220	-3,26435
221	-3,30593
222	-3,30166
223	-3,34205
224	-3,33661
225	-3,37669
226	-3,37091
227	-3,40701
228	-3,40105
229	-3,43499
230	-3,42912
231	-3,46747
232	-3,46175
233	-3,50056
234	-3,49435
235	-3,5339
236	-3,52744
237	-3,56427
238	-3,55765
239	-3,59401
240	-3,58736
241	-3,62605
242	-3,61929
243	-3,65692
244	-3,65002
245	-3,68667
246	-3,67982
247	-3,71886
248	-3,71196
249	-3,74775
250	-3,74069
251	-3,77593
252	-3,76897
253	-3,80271
254	-3,79551
255	-3,83083
256	-3,82346
257	-3,85713
258	-3,84963
259	-3,88076
260	-3,87312
261	-3,90237
262	-3,89467
263	-3,92412
264	-3,91638
265	-3,94337
266	-3,9356
267	-3,9654
268	-3,9576
269	-3,98507
270	-3,97723
271	-4,00288
272	-3,99503
273	-4,02236
274	-4,01451
275	-4,03967
276	-4,03182
277	-4,05445
278	-4,04662
279	-4,06934
280	-4,06149
281	-4,08189
282	-4,07402
283	-4,09693
284	-4,08904
285	-4,10813
286	-4,10018
287	-4,12151
288	-4,11361
289	-4,12994
290	-4,12201
291	-4,1404
292	-4,13249
293	-4,14929
294	-4,14148
295	-4,15749
296	-4,14964
297	-4,16726
298	-4,15948
299	-4,17931
300	-4,17153
301	-4,1885
302	-4,18075
303	-4,19655
304	-4,18882
305	-4,20553
306	-4,19783
307	-4,21509
308	-4,20744
309	-4,22269
310	-4,21506
311	-4,23091
312	-4,2233
313	-4,23823
314	-4,23065
315	-4,24447
316	-4,23692
317	-4,24838
318	-4,24087
319	-4,25412
320	-4,24663
321	-4,25883
322	-4,25135
323	-4,26428
324	-4,25682
325	-4,26921
326	-4,26177
327	-4,27429
328	-4,26687
329	-4,27694
330	-4,26951
331	-4,27896
332	-4,2715
333	-4,28055
334	-4,27306
335	-4,27778
336	-4,27023
337	-4,27892
338	-4,27137
339	-4,27813
340	-4,27063
341	-4,27895
342	-4,27153
343	-4,27959
344	-4,27225
345	-4,27578
346	-4,26847
347	-4,27488
348	-4,2676
349	-4,27357
350	-4,26637
351	-4,27098
352	-4,26389
353	-4,26838
354	-4,26135
355	-4,2682
356	-4,2613
357	-4,2645
358	-4,25772
359	-4,26155
360	-4,25488
361	-4,26043
362	-4,25377
363	-4,25837
364	-4,25175
365	-4,25663
366	-4,25009
367	-4,25664
368	-4,25016
369	-4,25397
370	-4,2475
371	-4,25206
372	-4,24565
373	-4,2499
374	-4,24366
375	-4,25038
376	-4,24426
377	-4,24943
378	-4,24341
379	-4,24651
380	-4,24057
381	-4,24647
382	-4,24054
383	-4,24234
384	-4,23642
385	-4,23838
386	-4,2325
387	-4,23216
388	-4,22633
389	-4,22952
390	-4,22379
391	-4,22331
392	-4,2177
393	-4,21609
394	-4,21057
395	-4,20991
396	-4,20444
397	-4,20608
398	-4,20061
399	-4,20401
400	-4,19856
401	-4,19828
402	-4,1929
403	-4,19387
404	-4,18855
405	-4,18975
406	-4,18448
407	-4,18353
408	-4,17827
409	-4,18223
410	-4,17699
411	-4,17759
412	-4,17242
413	-4,17533
414	-4,17022
415	-4,16983
416	-4,16483
417	-4,16526
418	-4,16035
419	-4,16128
420	-4,1564
421	-4,15953
422	-4,15475
423	-4,15528
424	-4,15058
425	-4,15189
426	-4,14725
427	-4,14896
428	-4,14437
429	-4,14824
430	-4,14368
431	-4,14074
432	-4,13622
433	-4,13414
434	-4,12969
435	-4,12933
436	-4,12498
437	-4,12435
438	-4,1201
439	-4,11877
440	-4,11458
441	-4,11298
442	-4,1088
443	-4,1059
444	-4,10176
445	-4,09833
446	-4,09425
447	-4,09163
448	-4,08757
449	-4,084
450	-4,08004
451	-4,07706
452	-4,07319
453	-4,07157
454	-4,06781
455	-4,06782
456	-4,06417
457	-4,06183
458	-4,05831
459	-4,05873
460	-4,05535
461	-4,05588
462	-4,05259
463	-4,05324
464	-4,04999
465	-4,05056
466	-4,04736
467	-4,04584
468	-4,04269
469	-4,03864
470	-4,03552
471	-4,03112
472	-4,028
473	-4,0263
474	-4,02318
475	-4,0216
476	-4,01849
477	-4,01828
478	-4,01518
479	-4,00927
480	-4,0062
481	-4,00193
482	-3,99889
483	-3,99464
484	-3,99164
485	-3,9892
486	-3,98621
487	-3,98356
488	-3,98058
489	-3,9794
490	-3,97642
491	-3,97322
492	-3,97024
493	-3,9684
494	-3,9654
495	-3,96091
496	-3,95791
497	-3,95562
498	-3,95262
499	-3,94713
500	-3,94414
501	-3,93826
502	-3,93526
503	-3,93288
504	-3,92985
505	-3,9242
506	-3,92114
507	-3,91572
508	-3,91264
509	-3,90754
510	-3,90445
511	-3,89808
512	-3,895
513	-3,88991
514	-3,88683
515	-3,88595
516	-3,88289
517	-3,88353
518	-3,88045
519	-3,87262
520	-3,86953
521	-3,86555
522	-3,86247
523	-3,8598
524	-3,85674
525	-3,85029
526	-3,84725
527	-3,84378
528	-3,84073
529	-3,83573
530	-3,83276
531	-3,83005
532	-3,82716
533	-3,82354
534	-3,82072
535	-3,81892
536	-3,81623
537	-3,81079
538	-3,80813
539	-3,80459
540	-3,80197
541	-3,79742
542	-3,79484
543	-3,78941
544	-3,78685
545	-3,78518
546	-3,78265
547	-3,77879
548	-3,77625
549	-3,77197
550	-3,76943
551	-3,76496
552	-3,76244
553	-3,76101
554	-3,75849
555	-3,75529
556	-3,75278
557	-3,75042
558	-3,74794
559	-3,74546
560	-3,74302
561	-3,73618
562	-3,73378
563	-3,72557
564	-3,72322
565	-3,71906
566	-3,71675
567	-3,71351
568	-3,71121
569	-3,70833
570	-3,70606
571	-3,70344
572	-3,70123
573	-3,69859
574	-3,69639
575	-3,69163
576	-3,68947
577	-3,68623
578	-3,6841
579	-3,68161
580	-3,6795
581	-3,67272
582	-3,67067
583	-3,66899
584	-3,66705
585	-3,66292
586	-3,66107
587	-3,65686
588	-3,6551
589	-3,65212
590	-3,65039
591	-3,64967
592	-3,64798
593	-3,64463
594	-3,64303
595	-3,63948
596	-3,63789
597	-3,63483
598	-3,63328
599	-3,62962
600	-3,62809
601	-3,62555
602	-3,62404
603	-3,61943
604	-3,61796
605	-3,61286
606	-3,61142
607	-3,60731
608	-3,60597
609	-3,60039
610	-3,59906
611	-3,59571
612	-3,5944
613	-3,58832
614	-3,58702
615	-3,58108
616	-3,57978
617	-3,57349
618	-3,5722
619	-3,56559
620	-3,56433
621	-3,55634
622	-3,5551
623	-3,55001
624	-3,54878
625	-3,5432
626	-3,542
627	-3,53431
628	-3,53314
629	-3,52606
630	-3,5249
631	-3,52256
632	-3,52141
633	-3,5174
634	-3,51627
635	-3,51263
636	-3,51153
637	-3,50606
638	-3,505
639	-3,49999
640	-3,49899
641	-3,49221
642	-3,49124
643	-3,48774
644	-3,48682
645	-3,48245
646	-3,48154
647	-3,47772
648	-3,47683
649	-3,47348
650	-3,47258
651	-3,46952
652	-3,46861
653	-3,46406
654	-3,46314
655	-3,45996
656	-3,45903
657	-3,4522
658	-3,45128
659	-3,44473
660	-3,44381
661	-3,43779
662	-3,43686
663	-3,42643
664	-3,42554
665	-3,41697
666	-3,4161
667	-3,41116
668	-3,4103
669	-3,40616
670	-3,40534
671	-3,39886
672	-3,39808
673	-3,39228
674	-3,39157
675	-3,38408
676	-3,38341
677	-3,3772
678	-3,37657
679	-3,37338
680	-3,37279
681	-3,36873
682	-3,36816
683	-3,36538
684	-3,36485
685	-3,36115
686	-3,36064
687	-3,35703
688	-3,35649
689	-3,35219
690	-3,35164
691	-3,34788
692	-3,34734
693	-3,34389
694	-3,34337
695	-3,33973
696	-3,33922
697	-3,33369
698	-3,3332
699	-3,3294
700	-3,32893
701	-3,32758
702	-3,32713
703	-3,32214
704	-3,32174
705	-3,31837
706	-3,318
707	-3,31372
708	-3,31338
709	-3,30889
710	-3,30856
711	-3,30532
712	-3,30498
713	-3,30138
714	-3,30103
715	-3,29501
716	-3,29464
717	-3,28777
718	-3,2874
719	-3,28637
720	-3,28604
721	-3,28063
722	-3,28034
723	-3,27361
724	-3,27333
725	-3,26714
726	-3,26686
727	-3,26043
728	-3,26015
729	-3,25723
730	-3,25691
731	-3,25231
732	-3,25197
733	-3,24795
734	-3,24759
735	-3,24246
736	-3,24211
737	-3,24039
738	-3,24004
739	-3,23539
740	-3,23504
741	-3,23185
742	-3,23147
743	-3,22622
744	-3,22585
745	-3,22111
746	-3,22078
747	-3,2182
748	-3,21791
749	-3,21551
750	-3,21518
751	-3,21198
752	-3,21163
753	-3,20495
754	-3,20464
755	-3,19756
756	-3,19732
757	-3,19076
758	-3,19053
759	-3,18623
760	-3,18603
761	-3,18413
762	-3,18395
763	-3,17902
764	-3,17887
765	-3,17505
766	-3,17489
767	-3,16902
768	-3,16887
769	-3,16626
770	-3,16614
771	-3,16102
772	-3,1609
773	-3,15346
774	-3,15335
775	-3,1471
776	-3,14696
777	-3,13925
778	-3,13905
779	-3,1317
780	-3,13145
781	-3,13083
782	-3,13057
783	-3,12619
784	-3,12589
785	-3,12126
786	-3,12094
787	-3,11721
788	-3,11688
789	-3,11177
790	-3,11141
791	-3,10509
792	-3,10476
793	-3,10083
794	-3,10051
795	-3,09478
796	-3,09446
797	-3,08697
798	-3,08667
799	-3,08394
800	-3,08363
801	-3,07924
802	-3,07897
803	-3,07773
804	-3,07749
805	-3,07202
806	-3,07179
807	-3,06751
808	-3,06728
809	-3,06112
810	-3,06091
811	-3,05615
812	-3,05598
813	-3,05156
814	-3,05139
815	-3,04668
816	-3,0465
817	-3,04392
818	-3,04373
819	-3,04039
820	-3,04021
821	-3,03774
822	-3,03754
823	-3,03357
824	-3,03339
825	-3,02849
826	-3,02833
827	-3,02579
828	-3,02562
829	-3,02195
830	-3,02178
831	-3,0162
832	-3,01604
833	-3,01161
834	-3,01144
835	-3,00753
836	-3,00734
837	-3,006
838	-3,00584
839	-3,00304
840	-3,00289
841	-3,00046
842	-3,00031
843	-2,99669
844	-2,99657
845	-2,99343
846	-2,99332
847	-2,98843
848	-2,98836
849	-2,98474
850	-2,98471
851	-2,97929
852	-2,9793
853	-2,97508
854	-2,97515
855	-2,97062
856	-2,97072
857	-2,96848
858	-2,96857
859	-2,96814
860	-2,96826
861	-2,96758
862	-2,96773
863	-2,96842
864	-2,96855
865	-2,96898
866	-2,96911
867	-2,96681
868	-2,96695
869	-2,96624
870	-2,96636
871	-2,9644
872	-2,96451
873	-2,96114
874	-2,96123
875	-2,9584
876	-2,95846
877	-2,95588
878	-2,95591
879	-2,95461
880	-2,95462
881	-2,9542
882	-2,9542
883	-2,94953
884	-2,94951
885	-2,94506
886	-2,94501
887	-2,93805
888	-2,93801
889	-2,93381
890	-2,93379
891	-2,92932
892	-2,92929
893	-2,92661
894	-2,92657
895	-2,92165
896	-2,92161
897	-2,91482
898	-2,91477
899	-2,91074
900	-2,91063
901	-2,90739
902	-2,90725
903	-2,9053
904	-2,90516
905	-2,90138
906	-2,90126
907	-2,89722
908	-2,8971
909	-2,89377
910	-2,89364
911	-2,88953
912	-2,88943
913	-2,88417
914	-2,88409
915	-2,87949
916	-2,87943
917	-2,87632
918	-2,87629
919	-2,8733
920	-2,87326
921	-2,87084
922	-2,8708
923	-2,86998
924	-2,86994
925	-2,87012
926	-2,87009
927	-2,86847
928	-2,86847
929	-2,86416
930	-2,86419
931	-2,86169
932	-2,86177
933	-2,85765
934	-2,85776
935	-2,85602
936	-2,85611
937	-2,85118
938	-2,85127
939	-2,8489
940	-2,84899
941	-2,84406
942	-2,84417
943	-2,84235
944	-2,84246
945	-2,83843
946	-2,83851
947	-2,83326
948	-2,83334
949	-2,8287
950	-2,82884
951	-2,82574
952	-2,82592
953	-2,82258
954	-2,82275
955	-2,81823
956	-2,81837
957	-2,8139
958	-2,81405
959	-2,80831
960	-2,80844
961	-2,80024
962	-2,80036
963	-2,79825
964	-2,79836
965	-2,7935
966	-2,79362
967	-2,78896
968	-2,78908
969	-2,78196
970	-2,78208
971	-2,77843
972	-2,77853
973	-2,7769
974	-2,77698
975	-2,77749
976	-2,77759
977	-2,77739
978	-2,77756
979	-2,77343
980	-2,77365
981	-2,76726
982	-2,76752
983	-2,76219
984	-2,76247
985	-2,75771
986	-2,75799
987	-2,75542
988	-2,75569
989	-2,75125
990	-2,75154
991	-2,7486
992	-2,74884
993	-2,74509
994	-2,74533
995	-2,74283
996	-2,74308
997	-2,74052
998	-2,74078
999	-2,73335
1000	-2,73364
1001	-2,72854
1002	-2,72881
1003	-2,72189
1004	-2,72213
1005	-2,71874
1006	-2,71895
1007	-2,71724
1008	-2,7174
1009	-2,71426
1010	-2,71439
1011	-2,70996
1012	-2,71005
1013	-2,70615
1014	-2,70624
1015	-2,70333
1016	-2,70342
1017	-2,69877
1018	-2,69887
1019	-2,69196
1020	-2,69206
1021	-2,68798
1022	-2,68811
1023	-2,68335
1024	-2,68348
1025	-2,68006
1026	-2,68018
1027	-2,67405
1028	-2,67421
1029	-2,66814
1030	-2,66829
1031	-2,66367
1032	-2,66383
1033	-2,65814
1034	-2,65833
1035	-2,65102
1036	-2,65122
1037	-2,64543
1038	-2,64562
1039	-2,63878
1040	-2,63894
1041	-2,63448
1042	-2,63464
1043	-2,62981
1044	-2,62993
1045	-2,62819
1046	-2,62831
1047	-2,62386
1048	-2,62394
1049	-2,62005
1050	-2,62007
1051	-2,61575
1052	-2,61574
1053	-2,61352
1054	-2,61346
1055	-2,60481
1056	-2,60474
1057	-2,59975
1058	-2,59968
1059	-2,59002
1060	-2,58992
1061	-2,58315
1062	-2,58305
1063	-2,57733
1064	-2,57724
1065	-2,57088
1066	-2,57077
1067	-2,5641
1068	-2,564
1069	-2,55701
1070	-2,55693
1071	-2,5528
1072	-2,5527
1073	-2,55123
1074	-2,55115
1075	-2,54899
1076	-2,54891
1077	-2,54535
1078	-2,54527
1079	-2,5401
1080	-2,54002
1081	-2,53446
1082	-2,53438
1083	-2,53119
1084	-2,53111
1085	-2,52771
1086	-2,52765
1087	-2,52291
1088	-2,52284
1089	-2,51921
1090	-2,51909
1091	-2,51695
1092	-2,51684
1093	-2,51065
1094	-2,51057
1095	-2,50767
1096	-2,50758
1097	-2,50416
1098	-2,50409
1099	-2,49993
1100	-2,49988
1101	-2,49583
1102	-2,4958
1103	-2,48994
1104	-2,48991
1105	-2,4841
1106	-2,48408
1107	-2,48029
1108	-2,48026
1109	-2,47597
1110	-2,47594
1111	-2,47155
1112	-2,47149
1113	-2,46823
1114	-2,46814
1115	-2,46562
1116	-2,4655
1117	-2,46113
1118	-2,461
1119	-2,4572
1120	-2,45706
1121	-2,45134
1122	-2,4512
1123	-2,4482
1124	-2,44804
1125	-2,44335
1126	-2,4432
1127	-2,44062
1128	-2,44047
1129	-2,43921
1130	-2,43904
1131	-2,43732
1132	-2,43712
1133	-2,43704
1134	-2,43683
1135	-2,43513
1136	-2,43491
1137	-2,43506
1138	-2,43484
1139	-2,4331
1140	-2,43288
1141	-2,43239
1142	-2,43215
1143	-2,42894
1144	-2,42869
1145	-2,42859
1146	-2,42835
1147	-2,42708
1148	-2,42683
1149	-2,42408
1150	-2,4238
1151	-2,42092
1152	-2,42064
1153	-2,41965
1154	-2,41937
1155	-2,4163
1156	-2,41604
1157	-2,41481
1158	-2,41456
1159	-2,4136
1160	-2,41334
1161	-2,41222
1162	-2,41196
1163	-2,41068
1164	-2,41039
1165	-2,40777
1166	-2,40747
1167	-2,40295
1168	-2,40265
1169	-2,39955
1170	-2,39923
1171	-2,39597
1172	-2,39562
1173	-2,38991
1174	-2,38955
1175	-2,38176
1176	-2,38141
1177	-2,3753
1178	-2,37496
1179	-2,37089
1180	-2,37055
1181	-2,36686
1182	-2,36652
1183	-2,36109
1184	-2,36072
1185	-2,3565
1186	-2,35614
1187	-2,35103
1188	-2,35063
1189	-2,34496
1190	-2,34457
1191	-2,34021
1192	-2,33985
1193	-2,33532
1194	-2,33498
1195	-2,33296
1196	-2,33263
1197	-2,32913
1198	-2,3288
1199	-2,32742
1200	-2,3271
1201	-2,32517
1202	-2,32486
1203	-2,3221
1204	-2,3218
1205	-2,32126
1206	-2,32095
1207	-2,31776
1208	-2,31748
1209	-2,31377
1210	-2,31351
1211	-2,31053
1212	-2,31029
1213	-2,31045
1214	-2,31024
1215	-2,30805
1216	-2,30785
1217	-2,30632
1218	-2,3061
1219	-2,30591
1220	-2,30568
1221	-2,3025
1222	-2,30224
1223	-2,30006
1224	-2,29978
1225	-2,29899
1226	-2,29872
1227	-2,29867
1228	-2,29841
1229	-2,29783
1230	-2,2976
1231	-2,29572
1232	-2,29549
1233	-2,29439
1234	-2,29414
1235	-2,29427
1236	-2,29402
1237	-2,29232
1238	-2,29205
1239	-2,29385
1240	-2,29357
1241	-2,29159
1242	-2,29132
1243	-2,28874
1244	-2,28849
1245	-2,28497
1246	-2,28472
1247	-2,28355
1248	-2,28333
1249	-2,28289
1250	-2,28271
1251	-2,2811
1252	-2,28092
1253	-2,27627
1254	-2,27611
1255	-2,27725
1256	-2,27709
1257	-2,2751
1258	-2,27493
1259	-2,27432
1260	-2,27416
1261	-2,27081
1262	-2,27064
1263	-2,26526
1264	-2,26508
1265	-2,25913
1266	-2,25898
1267	-2,25484
1268	-2,25469
1269	-2,24884
1270	-2,24868
1271	-2,24189
1272	-2,24173
1273	-2,23492
1274	-2,23474
1275	-2,22942
1276	-2,22924
1277	-2,22353
1278	-2,22335
1279	-2,21743
1280	-2,21723
1281	-2,21064
1282	-2,21044
1283	-2,20692
1284	-2,20671
1285	-2,20134
1286	-2,20114
1287	-2,1988
1288	-2,19862
1289	-2,19357
1290	-2,19343
1291	-2,18529
1292	-2,18517
1293	-2,17825
1294	-2,1781
1295	-2,17146
1296	-2,17133
1297	-2,16853
1298	-2,16839
1299	-2,16399
1300	-2,16387
1301	-2,15929
1302	-2,15916
1303	-2,15749
1304	-2,15673
1305	-2,15556
1306	-2,15406
1307	-2,15384
1308	-2,15202
1309	-2,15037
1310	-2,1483
1311	-2,14732
1312	-2,14541
1313	-2,14451
1314	-2,14273
1315	-2,14037
1316	-2,13873
1317	-2,13832
1318	-2,13678
1319	-2,13369
1320	-2,13226
1321	-2,13291
1322	-2,13155
1323	-2,1252
1324	-2,12392
1325	-2,12186
1326	-2,12061
1327	-2,11739
1328	-2,1162
1329	-2,1143
1330	-2,11314
1331	-2,10795
1332	-2,10686
1333	-2,09968
1334	-2,09864
1335	-2,09125
1336	-2,09027
1337	-2,08466
1338	-2,0837
1339	-2,07681
1340	-2,07586
1341	-2,0693
1342	-2,0684
1343	-2,06408
1344	-2,06324
1345	-2,0583
1346	-2,05748
1347	-2,05579
1348	-2,055
1349	-2,05006
1350	-2,04931
1351	-2,04426
1352	-2,04351
1353	-2,03797
1354	-2,03723
1355	-2,03579
1356	-2,03506
1357	-2,03187
1358	-2,03115
1359	-2,02535
1360	-2,02466
1361	-2,01956
1362	-2,01886
1363	-2,01334
1364	-2,01268
1365	-2,00797
1366	-2,0073
1367	-2,00078
1368	-2,00013
1369	-1,99385
1370	-1,9932
1371	-1,98605
1372	-1,98544
1373	-1,98179
1374	-1,98119
1375	-1,9749
1376	-1,9743
1377	-1,96922
1378	-1,96861
1379	-1,96385
1380	-1,96321
1381	-1,95456
1382	-1,95394
1383	-1,94668
1384	-1,94608
1385	-1,94173
1386	-1,94113
1387	-1,93427
1388	-1,93371
1389	-1,92728
1390	-1,92673
1391	-1,91884
1392	-1,91829
1393	-1,91128
1394	-1,91074
1395	-1,90118
1396	-1,90063
1397	-1,89331
1398	-1,89276
1399	-1,88275
1400	-1,88221
1401	-1,87374
1402	-1,87319
1403	-1,86624
1404	-1,8657
1405	-1,85677
1406	-1,85624
1407	-1,84635
1408	-1,84583
1409	-1,83847
1410	-1,83793
1411	-1,82956
1412	-1,82902
1413	-1,81727
1414	-1,81673
1415	-1,80582
1416	-1,80527
1417	-1,7944
1418	-1,79387
1419	-1,7857
1420	-1,78517
1421	-1,77677
1422	-1,77621
1423	-1,7685
1424	-1,76792
1425	-1,75575
1426	-1,75521
1427	-1,74583
1428	-1,74535
1429	-1,73482
1430	-1,73419
1431	-1,72212
1432	-1,72156
1433	-1,71276
1434	-1,71219
1435	-1,70084
1436	-1,70026
1437	-1,68685
1438	-1,68628
1439	-1,67192
1440	-1,67136
1441	-1,65891
1442	-1,65835
1443	-1,64847
1444	-1,64789
1445	-1,63865
1446	-1,63808
1447	-1,63086
1448	-1,63032
1449	-1,618
1450	-1,61744
1451	-1,60824
1452	-1,60771
1453	-1,59799
1454	-1,59746
1455	-1,5837
1456	-1,58318
1457	-1,56937
1458	-1,56885
1459	-1,55601
1460	-1,55549
1461	-1,54409
1462	-1,54358
1463	-1,53464
1464	-1,53413
1465	-1,52562
1466	-1,52509
1467	-1,5178
1468	-1,51726
1469	-1,51181
1470	-1,51127
1471	-1,50625
1472	-1,50571
1473	-1,4965
1474	-1,49595
1475	-1,48642
1476	-1,48588
1477	-1,47522
1478	-1,47469
1479	-1,46634
1480	-1,46582
1481	-1,46016
1482	-1,45964
1483	-1,44851
1484	-1,44799
1485	-1,43727
1486	-1,43676
1487	-1,42782
1488	-1,42731
1489	-1,4174
1490	-1,41688
1491	-1,40907
1492	-1,40855
1493	-1,40035
1494	-1,39984
1495	-1,39529
1496	-1,39477
1497	-1,38637
1498	-1,38584
1499	-1,37822
1500	-1,37768
1501	-1,36731
1502	-1,36677
1503	-1,35555
1504	-1,35563
1505	-1,34332
1506	-1,34414
1507	-1,32949
1508	-1,33063
1509	-1,31948
1510	-1,32088
1511	-1,30803
1512	-1,30929
1513	-1,29911
1514	-1,30024
1515	-1,28813
1516	-1,28917
1517	-1,27484
1518	-1,27575
1519	-1,26532
1520	-1,26614
1521	-1,25467
1522	-1,25541
1523	-1,24837
1524	-1,24903
1525	-1,2404
1526	-1,24101
1527	-1,23083
1528	-1,23138
1529	-1,21811
1530	-1,21864
1531	-1,20901
1532	-1,20948
1533	-1,20135
1534	-1,20171
1535	-1,19448
1536	-1,19487
1537	-1,18567
1538	-1,18601
1539	-1,17745
1540	-1,17772
1541	-1,16815
1542	-1,1684
1543	-1,16033
1544	-1,16055
1545	-1,15117
1546	-1,15131
1547	-1,13973
1548	-1,13989
1549	-1,13374
1550	-1,13388
1551	-1,12698
1552	-1,12713
1553	-1,12123
1554	-1,12141
1555	-1,11187
1556	-1,11201
1557	-1,1035
1558	-1,10358
1559	-1,09908
1560	-1,09914
1561	-1,09385
1562	-1,09392
1563	-1,08829
1564	-1,08834
1565	-1,08228
1566	-1,08233
1567	-1,07799
1568	-1,07803
1569	-1,07321
1570	-1,07325
1571	-1,06802
1572	-1,06805
1573	-1,06065
1574	-1,06068
1575	-1,05486
1576	-1,05487
1577	-1,04921
1578	-1,0492
1579	-1,04255
1580	-1,04256
1581	-1,03963
1582	-1,03962
1583	-1,03473
1584	-1,03473
1585	-1,0273
1586	-1,0273
1587	-1,02384
1588	-1,02381
1589	-1,01969
1590	-1,01965
1591	-1,01596
1592	-1,01591
1593	-1,01273
1594	-1,01264
1595	-1,01035
1596	-1,01025
1597	-1,00457
1598	-1,00448
1599	-1,00038
1600	-1,00022
1601	-0,995943
1602	-0,99576
1603	-0,991096
1604	-0,990783
1605	-0,986119
1606	-0,985594
1607	-0,978562
1608	-0,977884
1609	-0,972907
1610	-0,971922
1611	-0,966872
1612	-0,965926
1613	-0,961142
1614	-0,960078
1615	-0,954778
1616	-0,953843
1617	-0,949664
1618	-0,948827
1619	-0,943064
1620	-0,942311
1621	-0,936183
1622	-0,935526
1623	-0,930261
1624	-0,929696
1625	-0,926059
1626	-0,925477
1627	-0,921719
1628	-0,921066
1629	-0,916591
1630	-0,916083
1631	-0,914346
1632	-0,913795
1633	-0,909209
1634	-0,908681
1635	-0,904583
1636	-0,904077
1637	-0,903758
1638	-0,903278
1639	-0,902525
1640	-0,902065
1641	-0,901896
1642	-0,901443
1643	-0,900714
1644	-0,900257
1645	-0,895631
1646	-0,895197
1647	-0,888722
1648	-0,888277
1649	-0,88554
1650	-0,885065
1651	-0,880317
1652	-0,879874
1653	-0,877314
1654	-0,876886
1655	-0,877709
1656	-0,877284
1657	-0,878395
1658	-0,877984
1659	-0,87875
1660	-0,878346
1661	-0,876041
1662	-0,875633
1663	-0,874669
1664	-0,874265
1665	-0,874628
1666	-0,874232
1667	-0,868805
1668	-0,868409
1669	-0,863177
1670	-0,862792
1671	-0,859691
1672	-0,859317
1673	-0,85908
1674	-0,858704
1675	-0,85881
1676	-0,858439
1677	-0,858812
1678	-0,858449
1679	-0,858536
1680	-0,858119
1681	-0,857183
1682	-0,856812
1683	-0,855479
1684	-0,8551
1685	-0,857333
